Heroes,Similarity
"[62, 9]",0.9910612615459083
"[9, 62]",0.9910612615459083
"[84, 40]",0.9711649318291259
"[40, 84]",0.9711649318291259
"[87, 111]",0.9673336355592792
"[111, 87]",0.9673336355592792
"[48, 10]",0.9660499838987752
"[10, 48]",0.9660499838987752
"[86, 51]",0.9644366721498313
"[51, 86]",0.9644366721498313
"[32, 62]",0.9587699725088457
"[62, 32]",0.9587699725088457
"[22, 105]",0.9580856194806541
"[105, 22]",0.9580856194806541
"[112, 83]",0.9565642874565528
"[83, 112]",0.9565642874565528
"[84, 65]",0.9546774011693767
"[65, 84]",0.9546774011693767
"[48, 94]",0.9529198165730562
"[94, 48]",0.9529198165730562
"[68, 83]",0.951263134101575
"[83, 68]",0.951263134101575
"[53, 126]",0.9501887380604547
"[126, 53]",0.9501887380604547
"[56, 32]",0.9480869727751692
"[32, 56]",0.9480869727751692
"[32, 9]",0.9469285488212966
"[9, 32]",0.9469285488212966
"[56, 62]",0.9468811469600551
"[62, 56]",0.9468811469600551
"[70, 44]",0.9448190995945565
"[44, 70]",0.9448190995945565
"[105, 72]",0.9434083846840613
"[72, 105]",0.9434083846840613
"[81, 80]",0.943171635469031
"[80, 81]",0.943171635469031
"[6, 44]",0.9412856125435818
"[44, 6]",0.9412856125435818
"[93, 77]",0.9402941214594418
"[77, 93]",0.9402941214594418
"[50, 85]",0.9399265304131468
"[85, 50]",0.9399265304131468
"[68, 65]",0.9370914471775087
"[65, 68]",0.9370914471775087
"[29, 64]",0.9336632042380386
"[64, 29]",0.9336632042380386
"[128, 19]",0.9296206588944943
"[19, 128]",0.9296206588944943
"[81, 54]",0.9294513928150516
"[54, 81]",0.9294513928150516
"[39, 40]",0.9293856546992219
"[40, 39]",0.9293856546992219
"[52, 105]",0.9291475191288414
"[105, 52]",0.9291475191288414
"[18, 94]",0.9288293391960127
"[94, 18]",0.9288293391960127
"[1, 41]",0.9274845424036813
"[41, 1]",0.9274845424036813
"[19, 7]",0.9260551248711398
"[7, 19]",0.9260551248711398
"[31, 5]",0.9239990519078448
"[5, 31]",0.9239990519078448
"[22, 52]",0.9236081460823707
"[52, 22]",0.9236081460823707
"[64, 37]",0.9215021475560115
"[37, 64]",0.9215021475560115
"[1, 93]",0.9211857364432656
"[93, 1]",0.9211857364432656
"[57, 58]",0.9200146487591696
"[58, 57]",0.9200146487591696
"[126, 25]",0.9187776474706892
"[25, 126]",0.9187776474706892
"[105, 38]",0.9161315453614576
"[38, 105]",0.9161315453614576
"[110, 20]",0.9151796311031439
"[20, 110]",0.9151796311031439
"[69, 110]",0.9146926056117738
"[110, 69]",0.9146926056117738
"[128, 51]",0.9139957824749289
"[51, 128]",0.9139957824749289
"[94, 10]",0.9139662860062412
"[10, 94]",0.9139662860062412
"[56, 9]",0.9099402258179294
"[9, 56]",0.9099402258179294
"[46, 95]",0.9080943512502248
"[95, 46]",0.9080943512502248
"[68, 112]",0.9075410134023179
"[112, 68]",0.9075410134023179
"[80, 54]",0.904709062265061
"[54, 80]",0.904709062265061
"[68, 84]",0.9044501443915939
"[84, 68]",0.9044501443915939
"[29, 37]",0.9043653218832977
"[37, 29]",0.9043653218832977
"[6, 70]",0.903084077519536
"[70, 6]",0.903084077519536
"[27, 100]",0.8999120052292279
"[100, 27]",0.8999120052292279
"[51, 107]",0.8996100804592786
"[107, 51]",0.8996100804592786
"[20, 69]",0.8972990779298042
"[69, 20]",0.8972990779298042
"[21, 93]",0.8955791814634088
"[93, 21]",0.8955791814634088
"[61, 80]",0.8955138601608665
"[80, 61]",0.8955138601608665
"[1, 61]",0.8940152757588916
"[61, 1]",0.8940152757588916
"[87, 79]",0.89309062653707
"[79, 87]",0.89309062653707
"[3, 57]",0.8930311674784764
"[57, 3]",0.8930311674784764
"[18, 70]",0.8916484762004214
"[70, 18]",0.8916484762004214
"[137, 96]",0.8912336031186222
"[96, 137]",0.8912336031186222
"[84, 39]",0.8895570470079396
"[39, 84]",0.8895570470079396
"[138, 19]",0.8886668391235342
"[19, 138]",0.8886668391235342
"[137, 90]",0.8885135647371092
"[90, 137]",0.8885135647371092
"[112, 40]",0.888468741559782
"[40, 112]",0.888468741559782
"[72, 52]",0.8880709301082839
"[52, 72]",0.8880709301082839
"[105, 45]",0.8861458142226276
"[45, 105]",0.8861458142226276
"[25, 13]",0.8857841133678003
"[13, 25]",0.8857841133678003
"[65, 40]",0.8853734753741155
"[40, 65]",0.8853734753741155
"[22, 38]",0.8849643843627819
"[38, 22]",0.8849643843627819
"[126, 48]",0.8832855443057476
"[48, 126]",0.8832855443057476
"[25, 53]",0.8827521878238956
"[53, 25]",0.8827521878238956
"[1, 77]",0.8799397106382105
"[77, 1]",0.8799397106382105
"[28, 73]",0.8790422894749437
"[73, 28]",0.8790422894749437
"[53, 138]",0.87894409436463
"[138, 53]",0.87894409436463
"[72, 38]",0.8786775960779657
"[38, 72]",0.8786775960779657
"[22, 72]",0.878245967571794
"[72, 22]",0.878245967571794
"[67, 39]",0.8780477773585346
"[39, 67]",0.8780477773585346
"[61, 93]",0.8778382888721497
"[93, 61]",0.8778382888721497
"[113, 59]",0.8761046076448494
"[59, 113]",0.8761046076448494
"[11, 48]",0.8758895286046761
"[48, 11]",0.8758895286046761
"[46, 109]",0.8747733902239796
"[109, 46]",0.8747733902239796
"[138, 128]",0.8745781319391709
"[128, 138]",0.8745781319391709
"[12, 6]",0.8741413271259509
"[6, 12]",0.8741413271259509
"[85, 111]",0.8738135596084038
"[111, 85]",0.8738135596084038
"[101, 65]",0.8730282041039142
"[65, 101]",0.8730282041039142
"[65, 83]",0.8709760394606353
"[83, 65]",0.8709760394606353
"[80, 77]",0.8699126384527458
"[77, 80]",0.8699126384527458
"[30, 88]",0.8693793701236757
"[88, 30]",0.8693793701236757
"[48, 53]",0.8691476226916849
"[53, 48]",0.8691476226916849
"[104, 82]",0.868952707341837
"[82, 104]",0.868952707341837
"[73, 78]",0.8688435803719202
"[78, 73]",0.8688435803719202
"[19, 72]",0.8682091078784268
"[72, 19]",0.8682091078784268
"[68, 40]",0.8680780602809027
"[40, 68]",0.8680780602809027
"[19, 38]",0.8672605912911157
"[38, 19]",0.8672605912911157
"[26, 27]",0.8671742197337242
"[27, 26]",0.8671742197337242
"[1, 21]",0.8668905262383932
"[21, 1]",0.8668905262383932
"[36, 43]",0.8660095587487878
"[43, 36]",0.8660095587487878
"[85, 91]",0.8644734980761166
"[91, 85]",0.8644734980761166
"[18, 114]",0.863909740036266
"[114, 18]",0.863909740036266
"[113, 17]",0.8625087852250017
"[17, 113]",0.8625087852250017
"[22, 45]",0.8622809609320824
"[45, 22]",0.8622809609320824
"[26, 71]",0.8618062755193977
"[71, 26]",0.8618062755193977
"[110, 55]",0.8610923901029819
"[55, 110]",0.8610923901029819
"[25, 138]",0.8600343087760165
"[138, 25]",0.8600343087760165
"[90, 45]",0.859928624543117
"[45, 90]",0.859928624543117
"[77, 21]",0.8598368079258667
"[21, 77]",0.8598368079258667
"[21, 61]",0.8589182576658289
"[61, 21]",0.8589182576658289
"[20, 78]",0.8587417602257573
"[78, 20]",0.8587417602257573
"[18, 93]",0.8574311859878396
"[93, 18]",0.8574311859878396
"[138, 126]",0.856416096622369
"[126, 138]",0.856416096622369
"[70, 114]",0.8563856458184219
"[114, 70]",0.8563856458184219
"[84, 112]",0.8562221019580507
"[112, 84]",0.8562221019580507
"[107, 119]",0.8557295206472635
"[119, 107]",0.8557295206472635
"[9, 16]",0.8550825240997424
"[16, 9]",0.8550825240997424
"[8, 104]",0.8544924516589919
"[104, 8]",0.8544924516589919
"[38, 25]",0.8539048042221581
"[25, 38]",0.8539048042221581
"[88, 86]",0.8538675766812768
"[86, 88]",0.8538675766812768
"[107, 87]",0.8532975454405459
"[87, 107]",0.8532975454405459
"[29, 78]",0.8530454477968695
"[78, 29]",0.8530454477968695
"[113, 48]",0.8523673901953831
"[48, 113]",0.8523673901953831
"[95, 70]",0.8520794322465554
"[70, 95]",0.8520794322465554
"[137, 55]",0.8517092180992085
"[55, 137]",0.8517092180992085
"[136, 100]",0.8511573382088352
"[100, 136]",0.8511573382088352
"[12, 44]",0.8503590498149584
"[44, 12]",0.8503590498149584
"[50, 136]",0.8502404445336295
"[136, 50]",0.8502404445336295
"[79, 111]",0.8499327796076876
"[111, 79]",0.8499327796076876
"[61, 41]",0.8495721188921314
"[41, 61]",0.8495721188921314
"[37, 98]",0.8495316154289388
"[98, 37]",0.8495316154289388
"[78, 37]",0.847252994380276
"[37, 78]",0.847252994380276
"[10, 53]",0.8470114592763639
"[53, 10]",0.8470114592763639
"[138, 38]",0.8469653008158388
"[38, 138]",0.8469653008158388
"[80, 136]",0.846433459769033
"[136, 80]",0.846433459769033
"[128, 86]",0.8460685985316256
"[86, 128]",0.8460685985316256
"[104, 61]",0.8433519437154794
"[61, 104]",0.8433519437154794
"[136, 41]",0.8430387470041465
"[41, 136]",0.8430387470041465
"[110, 37]",0.842569623173343
"[37, 110]",0.842569623173343
"[18, 10]",0.8424334799182978
"[10, 18]",0.8424334799182978
"[48, 18]",0.8422936793947647
"[18, 48]",0.8422936793947647
"[88, 51]",0.8414234747403334
"[51, 88]",0.8414234747403334
"[66, 91]",0.8401684449257573
"[91, 66]",0.8401684449257573
"[51, 26]",0.8399564482606611
"[26, 51]",0.8399564482606611
"[81, 104]",0.8388078296824866
"[104, 81]",0.8388078296824866
"[26, 86]",0.8386236519395639
"[86, 26]",0.8386236519395639
"[21, 41]",0.8380351379927132
"[41, 21]",0.8380351379927132
"[38, 126]",0.8378675249540014
"[126, 38]",0.8378675249540014
"[61, 77]",0.8378663375193193
"[77, 61]",0.8378663375193193
"[112, 65]",0.8375228903830173
"[65, 112]",0.8375228903830173
"[64, 31]",0.8373717403253681
"[31, 64]",0.8373717403253681
"[52, 38]",0.836068308841274
"[38, 52]",0.836068308841274
"[105, 90]",0.8354599289050109
"[90, 105]",0.8354599289050109
"[109, 95]",0.8348247748128992
"[95, 109]",0.8348247748128992
"[18, 21]",0.8344965506588378
"[21, 18]",0.8344965506588378
"[65, 14]",0.8344177528931112
"[14, 65]",0.8344177528931112
"[47, 64]",0.8340918714670013
"[64, 47]",0.8340918714670013
"[91, 50]",0.8334764632185782
"[50, 91]",0.8334764632185782
"[3, 58]",0.8333104045525672
"[58, 3]",0.8333104045525672
"[113, 11]",0.832790337674702
"[11, 113]",0.832790337674702
"[93, 41]",0.8326861628908979
"[41, 93]",0.8326861628908979
"[33, 88]",0.8325604581955931
"[88, 33]",0.8325604581955931
"[70, 46]",0.831300043064053
"[46, 70]",0.831300043064053
"[94, 120]",0.8296121578098704
"[120, 94]",0.8296121578098704
"[113, 25]",0.8291937381079237
"[25, 113]",0.8291937381079237
"[77, 114]",0.829185854701702
"[114, 77]",0.829185854701702
"[107, 86]",0.8289618233285555
"[86, 107]",0.8289618233285555
"[80, 104]",0.8289185239738094
"[104, 80]",0.8289185239738094
"[71, 33]",0.8286060699013874
"[33, 71]",0.8286060699013874
"[41, 77]",0.8284468735380264
"[77, 41]",0.8284468735380264
"[37, 47]",0.8272941817585483
"[47, 37]",0.8272941817585483
"[129, 123]",0.8269759995404329
"[123, 129]",0.8269759995404329
"[7, 33]",0.8269617388263659
"[33, 7]",0.8269617388263659
"[85, 27]",0.8268446605894976
"[27, 85]",0.8268446605894976
"[94, 11]",0.8266603653038891
"[11, 94]",0.8266603653038891
"[10, 11]",0.8264106528340077
"[11, 10]",0.8264106528340077
"[83, 84]",0.8263917144560795
"[84, 83]",0.8263917144560795
"[16, 62]",0.8262017507699441
"[62, 16]",0.8262017507699441
"[72, 7]",0.8257241165958162
"[7, 72]",0.8257241165958162
"[37, 43]",0.8251542319564733
"[43, 37]",0.8251542319564733
"[19, 51]",0.8247682380193879
"[51, 19]",0.8247682380193879
"[91, 111]",0.8240729541229997
"[111, 91]",0.8240729541229997
"[79, 121]",0.8224482488818992
"[121, 79]",0.8224482488818992
"[33, 123]",0.8219772572222597
"[123, 33]",0.8219772572222597
"[94, 53]",0.8217411461180445
"[53, 94]",0.8217411461180445
"[10, 113]",0.8217086964660015
"[113, 10]",0.8217086964660015
"[53, 19]",0.8206622599842582
"[19, 53]",0.8206622599842582
"[54, 61]",0.8203115643209459
"[61, 54]",0.8203115643209459
"[68, 14]",0.8202913130326204
"[14, 68]",0.8202913130326204
"[19, 25]",0.8192918194559933
"[25, 19]",0.8192918194559933
"[45, 52]",0.8191813702595142
"[52, 45]",0.8191813702595142
"[80, 114]",0.819058631636963
"[114, 80]",0.819058631636963
"[81, 61]",0.8181414538235885
"[61, 81]",0.8181414538235885
"[37, 20]",0.817816679785621
"[20, 37]",0.817816679785621
"[47, 92]",0.8177270754132416
"[92, 47]",0.8177270754132416
"[37, 73]",0.8176068761116516
"[73, 37]",0.8176068761116516
"[69, 78]",0.8170387754192967
"[78, 69]",0.8170387754192967
"[33, 26]",0.8166060673283275
"[26, 33]",0.8166060673283275
"[6, 114]",0.8161104046892594
"[114, 6]",0.8161104046892594
"[28, 78]",0.8158715240540763
"[78, 28]",0.8158715240540763
"[81, 114]",0.8150342474357591
"[114, 81]",0.8150342474357591
"[83, 40]",0.8142476114245678
"[40, 83]",0.8142476114245678
"[126, 10]",0.8138964437258753
"[10, 126]",0.8138964437258753
"[95, 44]",0.8137862502717427
"[44, 95]",0.8137862502717427
"[64, 110]",0.8134167910316951
"[110, 64]",0.8134167910316951
"[59, 126]",0.8133572154139224
"[126, 59]",0.8133572154139224
"[64, 78]",0.8133388887442297
"[78, 64]",0.8133388887442297
"[113, 126]",0.8127182958655826
"[126, 113]",0.8127182958655826
"[7, 86]",0.8124123401750042
"[86, 7]",0.8124123401750042
"[83, 14]",0.812018036165072
"[14, 83]",0.812018036165072
"[77, 136]",0.8116439113430283
"[136, 77]",0.8116439113430283
"[26, 87]",0.8109145777854212
"[87, 26]",0.8109145777854212
"[8, 61]",0.8106452971134942
"[61, 8]",0.8106452971134942
"[121, 83]",0.8101364676792706
"[83, 121]",0.8101364676792706
"[88, 19]",0.8098854523676119
"[19, 88]",0.8098854523676119
"[64, 5]",0.8094088465090379
"[5, 64]",0.8094088465090379
"[29, 47]",0.8085297271587302
"[47, 29]",0.8085297271587302
"[7, 128]",0.8081435634164816
"[128, 7]",0.8081435634164816
"[48, 25]",0.8074063178339406
"[25, 48]",0.8074063178339406
"[35, 6]",0.8072797755522548
"[6, 35]",0.8072797755522548
"[50, 27]",0.8070819235989791
"[27, 50]",0.8070819235989791
"[21, 136]",0.8070105214632752
"[136, 21]",0.8070105214632752
"[12, 70]",0.8060912014203024
"[70, 12]",0.8060912014203024
"[19, 86]",0.8056062178591784
"[86, 19]",0.8056062178591784
"[85, 136]",0.8052571259450404
"[136, 85]",0.8052571259450404
"[85, 87]",0.8046363188709885
"[87, 85]",0.8046363188709885
"[64, 20]",0.8040389811117538
"[20, 64]",0.8040389811117538
"[51, 30]",0.8033468397850697
"[30, 51]",0.8033468397850697
"[86, 33]",0.8033392063664186
"[33, 86]",0.8033392063664186
"[96, 55]",0.802972862617255
"[55, 96]",0.802972862617255
"[46, 6]",0.8024426840151989
"[6, 46]",0.8024426840151989
"[77, 18]",0.8021813458997723
"[18, 77]",0.8021813458997723
"[38, 90]",0.8020749304818106
"[90, 38]",0.8020749304818106
"[54, 104]",0.8018186220434936
"[104, 54]",0.8018186220434936
"[112, 75]",0.7998218651941079
"[75, 112]",0.7998218651941079
"[126, 11]",0.7990050720062062
"[11, 126]",0.7990050720062062
"[107, 128]",0.798727238445008
"[128, 107]",0.798727238445008
"[86, 72]",0.7986491851104843
"[72, 86]",0.7986491851104843
"[114, 44]",0.7976898920689769
"[44, 114]",0.7976898920689769
"[69, 98]",0.7973069159845891
"[98, 69]",0.7973069159845891
"[33, 119]",0.7966617635058367
"[119, 33]",0.7966617635058367
"[109, 92]",0.7966069429846118
"[92, 109]",0.7966069429846118
"[3, 30]",0.7965768898081081
"[30, 3]",0.7965768898081081
"[19, 105]",0.7962960107986394
"[105, 19]",0.7962960107986394
"[97, 26]",0.7960824712306066
"[26, 97]",0.7960824712306066
"[20, 73]",0.7959251967368235
"[73, 20]",0.7959251967368235
"[94, 21]",0.7952528409631685
"[21, 94]",0.7952528409631685
"[27, 136]",0.7941773266694033
"[136, 27]",0.7941773266694033
"[126, 13]",0.7941023641719176
"[13, 126]",0.7941023641719176
"[73, 98]",0.7939550225571621
"[98, 73]",0.7939550225571621
"[80, 93]",0.7939316979987887
"[93, 80]",0.7939316979987887
"[41, 80]",0.7930799088498925
"[80, 41]",0.7930799088498925
"[26, 107]",0.7921252116730347
"[107, 26]",0.7921252116730347
"[30, 26]",0.7908377319063499
"[26, 30]",0.7908377319063499
"[71, 7]",0.790628531270759
"[7, 71]",0.790628531270759
"[75, 121]",0.7905661563377442
"[121, 75]",0.7905661563377442
"[126, 94]",0.7904553214652619
"[94, 126]",0.7904553214652619
"[67, 2]",0.7902883781405197
"[2, 67]",0.7902883781405197
"[32, 16]",0.7899953011818839
"[16, 32]",0.7899953011818839
"[28, 29]",0.7894404755646267
"[29, 28]",0.7894404755646267
"[119, 86]",0.7882335837794693
"[86, 119]",0.7882335837794693
"[51, 7]",0.7861442084851311
"[7, 51]",0.7861442084851311
"[7, 88]",0.7857762535635336
"[88, 7]",0.7857762535635336
"[60, 78]",0.7856516963318357
"[78, 60]",0.7856516963318357
"[36, 34]",0.7850968122706512
"[34, 36]",0.7850968122706512
"[77, 44]",0.7850510072416736
"[44, 77]",0.7850510072416736
"[90, 51]",0.784778048803238
"[51, 90]",0.784778048803238
"[21, 10]",0.7840574769697374
"[10, 21]",0.7840574769697374
"[100, 50]",0.7838179018987795
"[50, 100]",0.7838179018987795
"[38, 135]",0.7836274968907763
"[135, 38]",0.7836274968907763
"[63, 95]",0.7820313771517998
"[95, 63]",0.7820313771517998
"[52, 90]",0.7817278697307294
"[90, 52]",0.7817278697307294
"[86, 30]",0.7816894810994559
"[30, 86]",0.7816894810994559
"[25, 49]",0.7813077252520034
"[49, 25]",0.7813077252520034
"[46, 44]",0.7808116164426333
"[44, 46]",0.7808116164426333
"[93, 70]",0.7806073056177123
"[70, 93]",0.7806073056177123
"[29, 20]",0.7799529944195541
"[20, 29]",0.7799529944195541
"[69, 73]",0.7795060017262501
"[73, 69]",0.7795060017262501
"[39, 112]",0.7779848430016284
"[112, 39]",0.7779848430016284
"[49, 7]",0.7778962706872465
"[7, 49]",0.7778962706872465
"[39, 2]",0.777368723644257
"[2, 39]",0.777368723644257
"[47, 43]",0.7769381177089065
"[43, 47]",0.7769381177089065
"[87, 119]",0.7768513359338681
"[119, 87]",0.7768513359338681
"[11, 53]",0.7766484589468958
"[53, 11]",0.7766484589468958
"[26, 119]",0.7762977427235512
"[119, 26]",0.7762977427235512
"[25, 59]",0.7762530960371274
"[59, 25]",0.7762530960371274
"[101, 75]",0.7750478683320384
"[75, 101]",0.7750478683320384
"[35, 46]",0.7745426724816219
"[46, 35]",0.7745426724816219
"[53, 135]",0.7739963150871182
"[135, 53]",0.7739963150871182
"[61, 18]",0.7724370771209264
"[18, 61]",0.7724370771209264
"[28, 37]",0.7724350008242516
"[37, 28]",0.7724350008242516
"[136, 61]",0.7721073093937706
"[61, 136]",0.7721073093937706
"[111, 107]",0.7714994232766119
"[107, 111]",0.7714994232766119
"[47, 31]",0.770659426849986
"[31, 47]",0.770659426849986
"[88, 128]",0.770309615539683
"[128, 88]",0.770309615539683
"[67, 40]",0.7697384523477901
"[40, 67]",0.7697384523477901
"[38, 7]",0.7693885590827271
"[7, 38]",0.7693885590827271
"[59, 11]",0.7680217466712517
"[11, 59]",0.7680217466712517
"[81, 136]",0.7680128939057541
"[136, 81]",0.7680128939057541
"[126, 19]",0.7676870408984118
"[19, 126]",0.7676870408984118
"[15, 106]",0.7675171583491508
"[106, 15]",0.7675171583491508
"[11, 25]",0.7668698768097622
"[25, 11]",0.7668698768097622
"[126, 135]",0.7645199587586107
"[135, 126]",0.7645199587586107
"[87, 91]",0.7645174767327206
"[91, 87]",0.7645174767327206
"[49, 10]",0.7642807157515721
"[10, 49]",0.7642807157515721
"[45, 72]",0.7642493190389668
"[72, 45]",0.7642493190389668
"[121, 101]",0.7634917342826508
"[101, 121]",0.7634917342826508
"[96, 51]",0.763241253843173
"[51, 96]",0.763241253843173
"[53, 38]",0.7629663986900296
"[38, 53]",0.7629663986900296
"[8, 80]",0.7624297432774959
"[80, 8]",0.7624297432774959
"[68, 121]",0.7619137348534315
"[121, 68]",0.7619137348534315
"[11, 18]",0.7613910708212474
"[18, 11]",0.7613910708212474
"[10, 61]",0.7608271799476723
"[61, 10]",0.7608271799476723
"[93, 44]",0.7606514659095113
"[44, 93]",0.7606514659095113
"[65, 39]",0.7599220475079036
"[39, 65]",0.7599220475079036
"[10, 25]",0.7594975817887011
"[25, 10]",0.7594975817887011
"[97, 51]",0.759472176590794
"[51, 97]",0.759472176590794
"[4, 82]",0.7582545102455458
"[82, 4]",0.7582545102455458
"[87, 121]",0.7579084668494276
"[121, 87]",0.7579084668494276
"[75, 83]",0.7571147027279731
"[83, 75]",0.7571147027279731
"[77, 70]",0.756383502484028
"[70, 77]",0.756383502484028
"[91, 100]",0.7562680218589056
"[100, 91]",0.7562680218589056
"[35, 12]",0.756181848639766
"[12, 35]",0.756181848639766
"[123, 86]",0.7559389359306309
"[86, 123]",0.7559389359306309
"[19, 135]",0.7558611642042102
"[135, 19]",0.7558611642042102
"[78, 110]",0.7550824298458035
"[110, 78]",0.7550824298458035
"[103, 79]",0.755028258042842
"[79, 103]",0.755028258042842
"[106, 11]",0.7548953526929812
"[11, 106]",0.7548953526929812
"[55, 69]",0.7548289345258872
"[69, 55]",0.7548289345258872
"[41, 81]",0.7545937795421974
"[81, 41]",0.7545937795421974
"[119, 51]",0.7543943495010336
"[51, 119]",0.7543943495010336
"[53, 49]",0.7543734339125445
"[49, 53]",0.7543734339125445
"[94, 114]",0.7541473557013832
"[114, 94]",0.7541473557013832
"[22, 90]",0.7540440914929049
"[90, 22]",0.7540440914929049
"[29, 98]",0.7538859572305161
"[98, 29]",0.7538859572305161
"[14, 84]",0.7537538207621982
"[84, 14]",0.7537538207621982
"[25, 7]",0.7528735658664257
"[7, 25]",0.7528735658664257
"[114, 93]",0.7527623675646978
"[93, 114]",0.7527623675646978
"[71, 27]",0.7524071684215332
"[27, 71]",0.7524071684215332
"[85, 100]",0.7514466846335762
"[100, 85]",0.7514466846335762
"[18, 44]",0.751212139513186
"[44, 18]",0.751212139513186
"[84, 101]",0.7509452866547542
"[101, 84]",0.7509452866547542
"[81, 77]",0.7505624661484266
"[77, 81]",0.7505624661484266
"[38, 13]",0.7505321550516836
"[13, 38]",0.7505321550516836
"[1, 136]",0.7501845371852998
"[136, 1]",0.7501845371852998
"[1, 80]",0.7500831470021984
"[80, 1]",0.7500831470021984
"[138, 135]",0.7499895706213151
"[135, 138]",0.7499895706213151
"[52, 88]",0.7495428310683083
"[88, 52]",0.7495428310683083
"[4, 104]",0.7490954480366687
"[104, 4]",0.7490954480366687
"[45, 38]",0.7481943780489975
"[38, 45]",0.7481943780489975
"[38, 128]",0.748014299163486
"[128, 38]",0.748014299163486
"[63, 89]",0.7476005286452413
"[89, 63]",0.7476005286452413
"[29, 92]",0.7470841907141775
"[92, 29]",0.7470841907141775
"[33, 30]",0.7459973354379119
"[30, 33]",0.7459973354379119
"[31, 65]",0.7448556711566213
"[65, 31]",0.7448556711566213
"[98, 110]",0.7448017088525579
"[110, 98]",0.7448017088525579
"[22, 25]",0.7439707447844841
"[25, 22]",0.7439707447844841
"[37, 69]",0.7437519568208575
"[69, 37]",0.7437519568208575
"[48, 59]",0.7432922608133078
"[59, 48]",0.7432922608133078
"[100, 103]",0.7430383442200457
"[103, 100]",0.7430383442200457
"[138, 49]",0.7421800457324351
"[49, 138]",0.7421800457324351
"[19, 49]",0.7417652765080058
"[49, 19]",0.7417652765080058
"[80, 21]",0.7414686215797158
"[21, 80]",0.7414686215797158
"[59, 53]",0.7410990958219666
"[53, 59]",0.7410990958219666
"[46, 63]",0.7409183981578026
"[63, 46]",0.7409183981578026
"[128, 30]",0.7401952474482886
"[30, 128]",0.7401952474482886
"[111, 50]",0.7389791533344825
"[50, 111]",0.7389791533344825
"[95, 6]",0.7389709846942734
"[6, 95]",0.7389709846942734
"[51, 33]",0.738663139338623
"[33, 51]",0.738663139338623
"[34, 98]",0.7384027650216386
"[98, 34]",0.7384027650216386
"[13, 53]",0.7375934515218058
"[53, 13]",0.7375934515218058
"[88, 72]",0.7368504957690766
"[72, 88]",0.7368504957690766
"[25, 72]",0.7353685827419892
"[72, 25]",0.7353685827419892
"[137, 34]",0.7353129060000491
"[34, 137]",0.7353129060000491
"[87, 51]",0.7352163823299274
"[51, 87]",0.7352163823299274
"[7, 123]",0.7349193030474632
"[123, 7]",0.7349193030474632
"[101, 68]",0.7347639148124068
"[68, 101]",0.7347639148124068
"[91, 27]",0.7346147320417374
"[27, 91]",0.7346147320417374
"[35, 70]",0.7341121916274087
"[70, 35]",0.7341121916274087
"[64, 43]",0.7340234233461762
"[43, 64]",0.7340234233461762
"[136, 93]",0.7338533976336201
"[93, 136]",0.7338533976336201
"[26, 111]",0.7336623487035284
"[111, 26]",0.7336623487035284
"[103, 136]",0.7334443658035531
"[136, 103]",0.7334443658035531
"[120, 48]",0.7331239799216973
"[48, 120]",0.7331239799216973
"[76, 13]",0.7327730961169984
"[13, 76]",0.7327730961169984
"[108, 137]",0.7326151539954123
"[137, 108]",0.7326151539954123
"[72, 128]",0.7321315810065414
"[128, 72]",0.7321315810065414
"[86, 105]",0.7319146390251376
"[105, 86]",0.7319146390251376
"[30, 107]",0.7317098325587157
"[107, 30]",0.7317098325587157
"[29, 110]",0.7302232578098458
"[110, 29]",0.7302232578098458
"[71, 86]",0.7297250198240172
"[86, 71]",0.7297250198240172
"[54, 41]",0.729676765710343
"[41, 54]",0.729676765710343
"[18, 1]",0.7296150107468681
"[1, 18]",0.7296150107468681
"[26, 123]",0.7294430373989726
"[123, 26]",0.7294430373989726
"[98, 43]",0.7293210488303128
"[43, 98]",0.7293210488303128
"[111, 121]",0.7292533416540585
"[121, 111]",0.7292533416540585
"[51, 71]",0.7289376486452566
"[71, 51]",0.7289376486452566
"[97, 107]",0.7288961045003275
"[107, 97]",0.7288961045003275
"[54, 82]",0.7288494372250504
"[82, 54]",0.7288494372250504
"[113, 106]",0.7284124252275469
"[106, 113]",0.7284124252275469
"[29, 73]",0.7283702105248054
"[73, 29]",0.7283702105248054
"[8, 82]",0.7280931271552783
"[82, 8]",0.7280931271552783
"[92, 28]",0.7272005101844958
"[28, 92]",0.7272005101844958
"[87, 30]",0.7271846266841727
"[30, 87]",0.7271846266841727
"[99, 46]",0.7268857962264098
"[46, 99]",0.7268857962264098
"[113, 13]",0.7268027118058753
"[13, 113]",0.7268027118058753
"[51, 72]",0.726336498768271
"[72, 51]",0.726336498768271
"[61, 94]",0.7260114358082965
"[94, 61]",0.7260114358082965
"[42, 102]",0.7258984581541564
"[102, 42]",0.7258984581541564
"[26, 100]",0.7256328404938828
"[100, 26]",0.7256328404938828
"[38, 137]",0.7250349493513537
"[137, 38]",0.7250349493513537
"[137, 51]",0.7243944713981122
"[51, 137]",0.7243944713981122
"[94, 93]",0.7238327756846281
"[93, 94]",0.7238327756846281
"[31, 84]",0.7236036113791361
"[84, 31]",0.7236036113791361
"[107, 96]",0.7231748746494258
"[96, 107]",0.7231748746494258
"[8, 135]",0.722780719713136
"[135, 8]",0.722780719713136
"[67, 84]",0.722088306006284
"[84, 67]",0.722088306006284
"[53, 128]",0.7220684819156052
"[128, 53]",0.7220684819156052
"[98, 64]",0.7220195060433653
"[64, 98]",0.7220195060433653
"[87, 97]",0.7219001316408373
"[97, 87]",0.7219001316408373
"[10, 93]",0.7216864349922808
"[93, 10]",0.7216864349922808
"[21, 49]",0.7213982117324882
"[49, 21]",0.7213982117324882
"[85, 30]",0.7213507329748199
"[30, 85]",0.7213507329748199
"[110, 137]",0.7211946315112782
"[137, 110]",0.7211946315112782
"[48, 49]",0.7208248572119086
"[49, 48]",0.7208248572119086
"[10, 17]",0.7206265263244673
"[17, 10]",0.7206265263244673
"[99, 15]",0.720435684451407
"[15, 99]",0.720435684451407
"[13, 22]",0.7195221856715346
"[22, 13]",0.7195221856715346
"[31, 29]",0.7192151326637967
"[29, 31]",0.7192151326637967
"[108, 90]",0.7189232969613273
"[90, 108]",0.7189232969613273
"[98, 78]",0.7183593947594311
"[78, 98]",0.7183593947594311
"[60, 28]",0.7180758175143979
"[28, 60]",0.7180758175143979
"[123, 19]",0.7174262664822301
"[19, 123]",0.7174262664822301
"[73, 110]",0.716953237124215
"[110, 73]",0.716953237124215
"[48, 17]",0.716872126591086
"[17, 48]",0.716872126591086
"[107, 90]",0.716856449284584
"[90, 107]",0.716856449284584
"[100, 41]",0.7159433923102677
"[41, 100]",0.7159433923102677
"[31, 40]",0.7157378120262731
"[40, 31]",0.7157378120262731
"[94, 8]",0.715618597057517
"[8, 94]",0.715618597057517
"[101, 83]",0.7145679330282118
"[83, 101]",0.7145679330282118
"[53, 113]",0.7145238448181886
"[113, 53]",0.7145238448181886
"[114, 61]",0.7140648043195383
"[61, 114]",0.7140648043195383
"[8, 10]",0.7133916862928703
"[10, 8]",0.7133916862928703
"[45, 36]",0.7128827734422952
"[36, 45]",0.7128827734422952
"[13, 7]",0.711592541848731
"[7, 13]",0.711592541848731
"[128, 87]",0.7115843566824813
"[87, 128]",0.7115843566824813
"[94, 70]",0.7109808799719844
"[70, 94]",0.7109808799719844
"[65, 121]",0.7100691663732323
"[121, 65]",0.7100691663732323
"[28, 109]",0.7098854131208728
"[109, 28]",0.7098854131208728
"[90, 86]",0.7094725938045726
"[86, 90]",0.7094725938045726
"[135, 120]",0.7093923320533493
"[120, 135]",0.7093923320533493
"[128, 123]",0.7091289056687805
"[123, 128]",0.7091289056687805
"[79, 85]",0.709105227567882
"[85, 79]",0.709105227567882
"[88, 107]",0.7090781239920299
"[107, 88]",0.7090781239920299
"[138, 105]",0.7090534373904799
"[105, 138]",0.7090534373904799
"[25, 17]",0.7086889613555047
"[17, 25]",0.7086889613555047
"[105, 137]",0.708557413304019
"[137, 105]",0.708557413304019
"[54, 114]",0.7084683753808516
"[114, 54]",0.7084683753808516
"[26, 85]",0.7084291934951145
"[85, 26]",0.7084291934951145
"[138, 72]",0.7075619857977641
"[72, 138]",0.7075619857977641
"[119, 71]",0.7073555626350119
"[71, 119]",0.7073555626350119
"[8, 48]",0.7073416934560829
"[48, 8]",0.7073416934560829
"[55, 90]",0.706790002962871
"[90, 55]",0.706790002962871
"[90, 128]",0.7065558675824294
"[128, 90]",0.7065558675824294
"[105, 25]",0.70606522939736
"[25, 105]",0.70606522939736
"[68, 39]",0.704908806485
"[39, 68]",0.704908806485
"[26, 128]",0.7047008670027691
"[128, 26]",0.7047008670027691
"[62, 74]",0.7041702495576514
"[74, 62]",0.7041702495576514
"[27, 33]",0.704005184050122
"[33, 27]",0.704005184050122
"[7, 138]",0.703740918787682
"[138, 7]",0.703740918787682
"[73, 63]",0.7036508923418269
"[63, 73]",0.7036508923418269
"[19, 13]",0.7035957550760435
"[13, 19]",0.7035957550760435
"[88, 123]",0.7034532648295961
"[123, 88]",0.7034532648295961
"[20, 55]",0.7027325944827667
"[55, 20]",0.7027325944827667
"[64, 69]",0.7027146391062844
"[69, 64]",0.7027146391062844
"[87, 27]",0.7025819929837978
"[27, 87]",0.7025819929837978
"[48, 21]",0.7022899670799639
"[21, 48]",0.7022899670799639
"[106, 48]",0.7022884020240705
"[48, 106]",0.7022884020240705
"[69, 96]",0.7021348396187435
"[96, 69]",0.7021348396187435
"[135, 128]",0.7019614745504619
"[128, 135]",0.7019614745504619
"[91, 97]",0.7019154856710584
"[97, 91]",0.7019154856710584
"[51, 123]",0.7011959488787115
"[123, 51]",0.7011959488787115
"[137, 52]",0.7010295051346699
"[52, 137]",0.7010295051346699
"[120, 18]",0.7008002474299825
"[18, 120]",0.7008002474299825
"[43, 110]",0.7006358475544218
"[110, 43]",0.7006358475544218
"[1, 10]",0.7001573587677367
"[10, 1]",0.7001573587677367
"[19, 52]",0.6997256013614878
"[52, 19]",0.6997256013614878
"[111, 30]",0.6989138115884721
"[30, 111]",0.6989138115884721
"[13, 138]",0.6988018510520126
"[138, 13]",0.6988018510520126
"[94, 106]",0.6986361841611147
"[106, 94]",0.6986361841611147
"[113, 94]",0.6981426265600046
"[94, 113]",0.6981426265600046
"[89, 60]",0.6980657391047016
"[60, 89]",0.6980657391047016
"[30, 57]",0.6973789333875079
"[57, 30]",0.6973789333875079
"[138, 51]",0.6969632139296951
"[51, 138]",0.6969632139296951
"[21, 114]",0.6962697684013206
"[114, 21]",0.6962697684013206
"[88, 71]",0.6960808861929321
"[71, 88]",0.6960808861929321
"[58, 50]",0.6956519371133314
"[50, 58]",0.6956519371133314
"[105, 51]",0.6955170643995328
"[51, 105]",0.6955170643995328
"[105, 7]",0.6949651541557161
"[7, 105]",0.6949651541557161
"[123, 79]",0.6947595493683688
"[79, 123]",0.6947595493683688
"[77, 54]",0.694355411413469
"[54, 77]",0.694355411413469
"[101, 112]",0.6942779303142226
"[112, 101]",0.6942779303142226
"[90, 96]",0.6940188238113529
"[96, 90]",0.6940188238113529
"[95, 54]",0.693979338071025
"[54, 95]",0.693979338071025
"[21, 100]",0.6938842059382181
"[100, 21]",0.6938842059382181
"[13, 72]",0.6937858558189459
"[72, 13]",0.6937858558189459
"[93, 81]",0.693406532952226
"[81, 93]",0.693406532952226
"[114, 120]",0.6928656929714692
"[120, 114]",0.6928656929714692
"[9, 74]",0.69280587507097
"[74, 9]",0.69280587507097
"[31, 83]",0.6918216457576687
"[83, 31]",0.6918216457576687
"[79, 119]",0.6915779096007061
"[119, 79]",0.6915779096007061
"[17, 59]",0.6914102268743229
"[59, 17]",0.6914102268743229
"[14, 112]",0.6911085757551712
"[112, 14]",0.6911085757551712
"[1, 44]",0.6909385359527738
"[44, 1]",0.6909385359527738
"[105, 128]",0.6898488602577647
"[128, 105]",0.6898488602577647
"[126, 120]",0.6891069644006779
"[120, 126]",0.6891069644006779
"[56, 16]",0.6890319510240556
"[16, 56]",0.6890319510240556
"[49, 126]",0.6889869231391813
"[126, 49]",0.6889869231391813
"[90, 138]",0.6887433669582419
"[138, 90]",0.6887433669582419
"[63, 15]",0.6886840527943348
"[15, 63]",0.6886840527943348
"[3, 85]",0.6886824602684132
"[85, 3]",0.6886824602684132
"[112, 121]",0.6886672659185078
"[121, 112]",0.6886672659185078
"[28, 20]",0.6884279024415084
"[20, 28]",0.6884279024415084
"[53, 120]",0.6884021810529408
"[120, 53]",0.6884021810529408
"[63, 109]",0.6871630347579547
"[109, 63]",0.6871630347579547
"[65, 75]",0.6871408306456203
"[75, 65]",0.6871408306456203
"[53, 7]",0.6863924398722326
"[7, 53]",0.6863924398722326
"[10, 138]",0.6863903807054286
"[138, 10]",0.6863903807054286
"[97, 86]",0.6862206500154745
"[86, 97]",0.6862206500154745
"[60, 73]",0.6855156893195956
"[73, 60]",0.6855156893195956
"[7, 119]",0.6847599631913383
"[119, 7]",0.6847599631913383
"[21, 81]",0.6845706542837926
"[81, 21]",0.6845706542837926
"[72, 90]",0.6844513170149752
"[90, 72]",0.6844513170149752
"[81, 82]",0.6844181519639793
"[82, 81]",0.6844181519639793
"[33, 19]",0.6838851815241536
"[19, 33]",0.6838851815241536
"[5, 29]",0.6832425000845822
"[29, 5]",0.6832425000845822
"[101, 14]",0.6832206028611881
"[14, 101]",0.6832206028611881
"[98, 20]",0.6831932976255322
"[20, 98]",0.6831932976255322
"[26, 88]",0.6828668044432614
"[88, 26]",0.6828668044432614
"[121, 14]",0.681914981202572
"[14, 121]",0.681914981202572
"[38, 51]",0.6811444354806802
"[51, 38]",0.6811444354806802
"[13, 59]",0.6811213193103591
"[59, 13]",0.6811213193103591
"[22, 126]",0.6811203419054943
"[126, 22]",0.6811203419054943
"[86, 96]",0.6810714297253234
"[96, 86]",0.6810714297253234
"[6, 109]",0.6801061797234308
"[109, 6]",0.6801061797234308
"[36, 110]",0.6799905482328414
"[110, 36]",0.6799905482328414
"[99, 109]",0.6799779340161329
"[109, 99]",0.6799779340161329
"[97, 96]",0.6797237317582387
"[96, 97]",0.6797237317582387
"[55, 64]",0.6795524877849585
"[64, 55]",0.6795524877849585
"[138, 48]",0.679468158464021
"[48, 138]",0.679468158464021
"[8, 53]",0.6794175037178897
"[53, 8]",0.6794175037178897
"[44, 35]",0.6794123595840841
"[35, 44]",0.6794123595840841
"[8, 81]",0.679277363301556
"[81, 8]",0.679277363301556
"[68, 31]",0.6790425507448627
"[31, 68]",0.6790425507448627
"[119, 128]",0.6785873304571146
"[128, 119]",0.6785873304571146
"[85, 58]",0.6780794349647307
"[58, 85]",0.6780794349647307
"[86, 87]",0.676972897547025
"[87, 86]",0.676972897547025
"[129, 68]",0.6767305312191665
"[68, 129]",0.6767305312191665
"[6, 18]",0.6766755967698578
"[18, 6]",0.6766755967698578
"[17, 49]",0.6762797622197922
"[49, 17]",0.6762797622197922
"[138, 88]",0.6759546803462937
"[88, 138]",0.6759546803462937
"[61, 70]",0.6756434580337428
"[70, 61]",0.6756434580337428
"[110, 96]",0.6743285639732642
"[96, 110]",0.6743285639732642
"[21, 53]",0.6741521491800165
"[53, 21]",0.6741521491800165
"[21, 103]",0.6740578564855659
"[103, 21]",0.6740578564855659
"[111, 27]",0.6738750372203257
"[27, 111]",0.6738750372203257
"[52, 86]",0.6736110686963963
"[86, 52]",0.6736110686963963
"[105, 13]",0.673568882821519
"[13, 105]",0.673568882821519
"[97, 128]",0.6732531230064033
"[128, 97]",0.6732531230064033
"[40, 101]",0.6731855598188904
"[101, 40]",0.6731855598188904
"[42, 28]",0.6726772755847709
"[28, 42]",0.6726772755847709
"[26, 79]",0.6723710003613949
"[79, 26]",0.6723710003613949
"[27, 123]",0.6717198156278826
"[123, 27]",0.6717198156278826
"[136, 104]",0.6714280567577136
"[104, 136]",0.6714280567577136
"[46, 114]",0.671054767407256
"[114, 46]",0.671054767407256
"[30, 123]",0.6708104453941351
"[123, 30]",0.6708104453941351
"[68, 75]",0.6706707076683167
"[75, 68]",0.6706707076683167
"[69, 29]",0.6703934993241052
"[29, 69]",0.6703934993241052
"[19, 22]",0.6699654483042053
"[22, 19]",0.6699654483042053
"[88, 38]",0.6697136128377607
"[38, 88]",0.6697136128377607
"[94, 77]",0.669467480815531
"[77, 94]",0.669467480815531
"[109, 44]",0.668991133743522
"[44, 109]",0.668991133743522
"[50, 103]",0.6687989699275773
"[103, 50]",0.6687989699275773
"[78, 47]",0.6687666668089224
"[47, 78]",0.6687666668089224
"[78, 92]",0.667823892891955
"[92, 78]",0.667823892891955
"[95, 35]",0.667466935580301
"[35, 95]",0.667466935580301
"[87, 100]",0.6669168035793643
"[100, 87]",0.6669168035793643
"[50, 87]",0.6663769683054784
"[87, 50]",0.6663769683054784
"[105, 88]",0.6658644132445607
"[88, 105]",0.6658644132445607
"[71, 128]",0.66547608985526
"[128, 71]",0.66547608985526
"[105, 135]",0.6653569854153506
"[135, 105]",0.6653569854153506
"[87, 103]",0.6646538404394459
"[103, 87]",0.6646538404394459
"[69, 34]",0.664311179697536
"[34, 69]",0.664311179697536
"[18, 95]",0.6639234936850729
"[95, 18]",0.6639234936850729
"[137, 69]",0.6637919382156889
"[69, 137]",0.6637919382156889
"[97, 111]",0.6637650344332233
"[111, 97]",0.6637650344332233
"[137, 45]",0.662528826069157
"[45, 137]",0.662528826069157
"[94, 25]",0.6622732060410337
"[25, 94]",0.6622732060410337
"[80, 18]",0.6620599497583171
"[18, 80]",0.6620599497583171
"[30, 71]",0.6617875850995979
"[71, 30]",0.6617875850995979
"[43, 34]",0.6617447817308603
"[34, 43]",0.6617447817308603
"[22, 59]",0.6615230582400169
"[59, 22]",0.6615230582400169
"[59, 38]",0.6609407554832684
"[38, 59]",0.6609407554832684
"[59, 106]",0.6605644436617645
"[106, 59]",0.6605644436617645
"[2, 112]",0.6598588706864689
"[112, 2]",0.6598588706864689
"[59, 94]",0.6597660886455136
"[94, 59]",0.6597660886455136
"[126, 17]",0.6593871446807531
"[17, 126]",0.6593871446807531
"[93, 54]",0.6591543365971972
"[54, 93]",0.6591543365971972
"[34, 110]",0.6590166963008168
"[110, 34]",0.6590166963008168
"[77, 103]",0.6583317573048311
"[103, 77]",0.6583317573048311
"[54, 42]",0.6581724420236504
"[42, 54]",0.6581724420236504
"[64, 28]",0.6574029550358913
"[28, 64]",0.6574029550358913
"[126, 106]",0.6573773201818919
"[106, 126]",0.6573773201818919
"[10, 59]",0.6573093472626063
"[59, 10]",0.6573093472626063
"[50, 79]",0.6572477372918913
"[79, 50]",0.6572477372918913
"[70, 1]",0.6570184027644004
"[1, 70]",0.6570184027644004
"[137, 107]",0.656455233365661
"[107, 137]",0.656455233365661
"[19, 71]",0.6561285092892639
"[71, 19]",0.6561285092892639
"[105, 126]",0.6560720695691988
"[126, 105]",0.6560720695691988
"[49, 128]",0.6560676329544528
"[128, 49]",0.6560676329544528
"[52, 34]",0.6558805672003079
"[34, 52]",0.6558805672003079
"[40, 14]",0.6555179806224327
"[14, 40]",0.6555179806224327
"[49, 94]",0.6553092871948941
"[94, 49]",0.6553092871948941
"[61, 82]",0.6543546268654825
"[82, 61]",0.6543546268654825
"[52, 138]",0.6537563392022621
"[138, 52]",0.6537563392022621
"[136, 91]",0.6535573074255188
"[91, 136]",0.6535573074255188
"[39, 83]",0.6527127516103137
"[83, 39]",0.6527127516103137
"[114, 95]",0.6525805972654574
"[95, 114]",0.6525805972654574
"[54, 1]",0.652278596701316
"[1, 54]",0.652278596701316
"[38, 49]",0.6521709906868246
"[49, 38]",0.6521709906868246
"[109, 42]",0.6520068907108791
"[42, 109]",0.6520068907108791
"[61, 48]",0.6510516981478162
"[48, 61]",0.6510516981478162
"[17, 106]",0.6507363725425857
"[106, 17]",0.6507363725425857
"[89, 73]",0.6507055638148309
"[73, 89]",0.6507055638148309
"[119, 111]",0.6505691426651656
"[111, 119]",0.6505691426651656
"[108, 110]",0.6505391380645693
"[110, 108]",0.6505391380645693
"[100, 77]",0.6499767124771783
"[77, 100]",0.6499767124771783
"[88, 119]",0.6496497355005609
"[119, 88]",0.6496497355005609
"[29, 43]",0.6495735683631063
"[43, 29]",0.6495735683631063
"[71, 100]",0.6490101426534948
"[100, 71]",0.6490101426534948
"[40, 2]",0.6489364131377717
"[2, 40]",0.6489364131377717
"[8, 54]",0.648521097304574
"[54, 8]",0.648521097304574
"[79, 100]",0.6484538216350653
"[100, 79]",0.6484538216350653
"[5, 83]",0.6481730532621761
"[83, 5]",0.6481730532621761
"[35, 23]",0.6476211040010277
"[23, 35]",0.6476211040010277
"[43, 15]",0.647603514432046
"[15, 43]",0.647603514432046
"[75, 40]",0.6474018697093842
"[40, 75]",0.6474018697093842
"[86, 137]",0.6471889429906145
"[137, 86]",0.6471889429906145
"[49, 71]",0.6469700503309636
"[71, 49]",0.6469700503309636
"[13, 106]",0.6467060354994849
"[106, 13]",0.6467060354994849
"[102, 109]",0.6466399908646633
"[109, 102]",0.6466399908646633
"[128, 79]",0.6466034672596488
"[79, 128]",0.6466034672596488
"[31, 14]",0.6464475640515649
"[14, 31]",0.6464475640515649
"[71, 107]",0.6461147442869687
"[107, 71]",0.6461147442869687
"[72, 126]",0.6458077494419265
"[126, 72]",0.6458077494419265
"[138, 22]",0.6454302236789518
"[22, 138]",0.6454302236789518
"[76, 52]",0.6454012916582798
"[52, 76]",0.6454012916582798
"[1, 89]",0.6446887025525688
"[89, 1]",0.6446887025525688
"[5, 47]",0.6445337707056248
"[47, 5]",0.6445337707056248
"[80, 50]",0.6444422171389871
"[50, 80]",0.6444422171389871
"[51, 111]",0.6442731473305043
"[111, 51]",0.6442731473305043
"[36, 55]",0.6434813519677951
"[55, 36]",0.6434813519677951
"[6, 77]",0.6434331822247918
"[77, 6]",0.6434331822247918
"[28, 47]",0.6431113334175619
"[47, 28]",0.6431113334175619
"[10, 70]",0.6430169642809989
"[70, 10]",0.6430169642809989
"[86, 38]",0.6428359574581727
"[38, 86]",0.6428359574581727
"[96, 20]",0.642764372320454
